$coord
   13.45249924683647     25.59905978584126     25.04696873721419      ni
   13.13085841038867     26.04616142997747     20.79939540353060       p
   18.79429393132776     26.30290340184358     26.33413868509405       o
   11.78752769156558     20.61092167794112     26.77069376768263       o
   10.23486067064595     29.28802440546545     27.65807514461533       o
   10.17055895952225     25.68150664729293     19.64338567735594       n
   12.59757202650994     26.88640736797761     14.59157135768208       n
   14.03587282186733     28.91033807136853     19.72734809916618       n
   14.91131112964020     24.02162412449790     19.09076172595939       n
   16.71155873013371     26.06586371463894     25.83941027323072       c
    7.99343382771670     26.31775475952193     21.25515766253383       c
    8.62906966867864     27.36564002555128     22.64330323659830       h
$end
