$coord
   13.45249924683647     25.59905978584126     25.04696873721419      ni
   13.13085841038867     26.04616142997747     20.79939540353060       p
   18.79429393132776     26.30290340184358     26.33413868509405       o
   11.78752769156558     20.61092167794112     26.77069376768263       o
   10.23486067064595     29.28802440546545     27.65807514461533       o
   10.17055895952225     25.68150664729293     19.64338567735594       n
   12.59757202650994     26.88640736797761     14.59157135768208       n
   14.03587282186733     28.91033807136853     19.72734809916618       n
   14.91131112964020     24.02162412449790     19.09076172595939       n
   16.71155873013371     26.06586371463894     25.83941027323072       c
    7.99343382771670     26.31775475952193     21.25515766253383       c
    8.62906966867864     27.36564002555128     22.64330323659830       h
    6.79787969248527     23.97918843445782     22.43421637835130       c
    6.07829087834374     22.94464085547438     21.12948709524467       h
    5.49579413623854     24.48448797430851     23.59242196629238       h
    8.06570262421664     23.03527401053371     23.32434163762896       h
    5.96962595652442     27.86609052814498     19.87167782229145       c
    6.73766923843926     29.32257993753140     19.11079282296798       h
    4.70239261934650     28.39927864626480     21.05540227193102       h
    5.20234423424113     26.84457828002619     18.58368584354379       h
    9.64998287361331     24.34505264186741     17.28554225601026       c
    7.91270850677209     23.76094207364472     17.31325508974903       h
   10.73063977023917     22.86704114155356     17.19801203126113       h
   10.05582234763797     25.93249062363213     14.89971199063655       c
    9.63230637536630     24.91128073169460     13.43775560354770       h
    8.89789643916456     27.35290894059403     14.93730242287191       h
   13.08597363528037     29.51809289296588     15.12142032972509       c
   12.04603655736594     30.53778722454484     14.00848880047569       h
   14.83828833241323     29.87607694240134     14.72025981760546       h
   12.58346900038022     30.33651627358346     17.85298355001476       c
   12.98818597708194     32.11643420033938     18.02091028336138       h
   10.79711277668955     30.13524343289594     18.21133798577226       h
   16.26388071952697     30.16373672352759     20.86360262834766       c
   17.22677177327752     28.86365805643398     21.76470341700512       h
   15.50735342866593     32.15523405729979     22.79120076266246       c
   14.59629378328816     33.48592817747227     21.96006897380123       h
   16.99594550559780     32.83755558237467     23.57184284870526       h
   14.45195272180609     31.39985949937981     24.05861173409687       h
   18.03133779216264     31.34196395984659     18.91405343527326       c
   18.58178099960184     30.06583001258278     17.74789210031273       h
   19.47207066505306     32.05368773382305     19.75616075351429       h
   17.15239215268714     32.64719591010457     18.01158070544333       h
   14.65992086218242     25.12255589280348     14.44477176250113       c
   15.75811630704759     25.64179972178874     13.07199155162315       h
   13.97564913973840     23.47994924631529     14.00437297695826       h
   16.27753966001546     24.81610089555955     16.82648620435741       c
   17.59114687649439     23.58543564877910     16.48075324944146       h
   17.10074593747537     26.41566336019287     17.17770692396327       h
   15.42282786846809     21.45783834919035     20.04728818209438       c
   14.20405655796802     21.12470986758073     21.40113522684698       h
   18.05822481558134     21.22898306586723     21.19561617153887       c
   19.30520973724539     21.45116950566739     19.89692267370067       h
   18.25099010921861     19.58819622564501     21.94497762090401       h
   18.27638235926619     22.50420805486112     22.46741886650610       h
   15.04899468595612     19.40905396769972     18.03435568479686       c
   13.41493716049310     19.60274711686823     17.27045090311304       h
   15.16462513830126     17.77250956264583     18.80841207526655       h
   16.33355681177259     19.56879629716481     16.76310101040816       h
   12.42899144792135     22.53391265994395     26.02956396535234       c
   11.47645420365288     27.91337714516818     26.58986965347906       c
$end
